epoch,train_loss,valid_loss,accuracy,time
0,2.007947,1.987779,0.284551,01:26
1,1.900618,1.830527,0.345381,01:24
2,1.795319,1.761444,0.384831,01:24
3,1.726262,1.715461,0.403920,01:24
4,1.665256,1.847565,0.374650,01:25
5,1.619077,1.544654,0.453551,01:24
6,1.572467,1.814551,0.407737,01:25
7,1.518350,1.475464,0.492746,01:24
8,1.479529,1.950524,0.388394,01:25
9,1.440976,1.475005,0.498600,01:24
10,1.386702,1.663462,0.472130,01:24
11,1.366335,1.311544,0.543650,01:25
12,1.319522,1.866002,0.431662,01:24
13,1.289671,1.176193,0.595826,01:25
14,1.257156,1.902849,0.493510,01:26
15,1.180643,1.068376,0.639857,01:26
16,1.172333,1.571294,0.517180,01:26
17,1.138936,1.037057,0.656910,01:26
18,1.078943,1.636897,0.511835,01:26
19,1.058123,0.921879,0.688470,01:26
20,1.037547,1.669129,0.451260,01:26
21,1.000403,1.048007,0.649784,01:26
22,0.971391,2.100143,0.475439,01:26
23,0.952049,0.971313,0.679817,01:26
24,0.896349,1.395847,0.595571,01:27
25,0.901133,0.927635,0.697887,01:26
26,0.887277,1.054460,0.651820,01:26
27,0.867603,0.803223,0.733011,01:26
28,0.851537,1.424240,0.567320,01:25
29,0.826337,0.733994,0.749555,01:26
30,0.816584,1.443745,0.572410,01:26
31,0.811491,0.860780,0.728430,01:26
32,0.805990,1.983469,0.437261,01:27
33,0.797032,0.818585,0.743446,01:26
34,0.718280,1.204558,0.604989,01:26
35,0.758345,0.719273,0.767371,01:26
36,0.723132,0.883492,0.710613,01:27
37,0.698752,0.735140,0.780097,01:26
38,0.682360,1.177177,0.622805,01:27
39,0.670538,0.680667,0.782387,01:26
40,0.676366,1.278969,0.646729,01:27
41,0.650274,0.621845,0.799186,01:27
42,0.629649,0.910297,0.726903,01:27
43,0.646248,0.719788,0.773479,01:27
44,0.605372,0.894643,0.719012,01:26
45,0.591186,0.667833,0.791041,01:26
46,0.586196,1.036481,0.680071,01:26
47,0.554451,0.667620,0.791295,01:26
48,0.569093,0.800484,0.749300,01:26
49,0.560333,0.634267,0.799186,01:26
50,0.547754,0.849364,0.743192,01:26
51,0.510716,0.718652,0.786460,01:26
52,0.487325,0.823957,0.774243,01:26
53,0.489554,0.654853,0.805039,01:26
54,0.508985,1.033123,0.711886,01:26
55,0.516268,0.701387,0.778061,01:26
56,0.453654,0.872997,0.769661,01:26
57,0.461963,0.690944,0.808857,01:26
58,0.449876,1.055952,0.694070,01:26
59,0.475943,0.671528,0.799695,01:26
60,0.440716,0.928287,0.716976,01:26
61,0.434694,0.724242,0.789259,01:26
62,0.411367,0.844188,0.757445,01:26
63,0.425386,0.701072,0.790532,01:27
64,0.407389,0.820989,0.782896,01:25
65,0.414897,0.693821,0.809875,01:25
66,0.400781,0.920045,0.728430,01:26
67,0.377379,0.686243,0.811402,01:26
68,0.385794,1.130737,0.708577,01:26
69,0.382532,0.718667,0.805039,01:26
70,0.357864,0.716198,0.803258,01:27
71,0.392145,0.602304,0.823874,01:27
72,0.353589,0.793361,0.762280,01:27
73,0.366380,0.765384,0.794859,01:27
74,0.347872,0.751517,0.796131,01:27
75,0.325748,0.731822,0.801476,01:27
76,0.343926,0.806179,0.782896,01:27
77,0.313867,0.673046,0.818529,01:27
78,0.319141,0.759447,0.792568,01:28
79,0.340094,0.872325,0.773734,01:27
80,0.309567,0.934563,0.772461,01:27
81,0.316853,0.717725,0.822347,01:28
82,0.336015,0.758587,0.808094,01:28
83,0.308922,0.677684,0.815475,01:27
84,0.309308,0.818939,0.805294,01:27
85,0.318076,0.645302,0.831764,01:27
86,0.315840,0.852877,0.795368,01:27
87,0.278094,0.706539,0.826419,01:27
88,0.266592,0.724821,0.797658,01:27
89,0.286727,0.717851,0.817256,01:27
90,0.270416,0.964637,0.778061,01:28
91,0.280138,0.661764,0.828710,01:27
92,0.301614,0.798783,0.811148,01:28
93,0.262480,0.654993,0.830491,01:28
94,0.255277,0.776273,0.791550,01:27
95,0.275463,0.747299,0.819292,01:28
96,0.257844,0.760150,0.822856,01:27
97,0.240663,0.706909,0.826419,01:28
98,0.261100,0.781010,0.800967,01:28
99,0.252948,0.743089,0.823365,01:27
100,0.243138,0.830261,0.781115,01:27
101,0.237451,0.748351,0.821074,01:27
102,0.238180,0.753719,0.814457,01:27
103,0.251381,0.720538,0.815729,01:27
104,0.234239,0.827696,0.814966,01:27
105,0.237841,0.787743,0.816238,01:27
106,0.223732,0.739428,0.821838,01:28
107,0.239483,0.779783,0.814966,01:27
108,0.223625,0.923125,0.812166,01:27
109,0.199831,0.722622,0.838636,01:27
110,0.227114,0.819738,0.805548,01:27
111,0.208771,0.743216,0.821074,01:29
112,0.207021,0.877038,0.814202,01:30
113,0.214413,0.765260,0.826928,01:30
114,0.207621,0.758790,0.830237,01:30
115,0.211961,0.730703,0.834309,01:31
116,0.201740,0.856234,0.817511,01:31
117,0.192837,0.694905,0.837618,01:31
118,0.188391,0.752476,0.819547,01:30
119,0.201261,0.798909,0.825655,01:28
120,0.183679,0.720105,0.820056,01:29
121,0.181912,0.756671,0.826164,01:31
122,0.169727,0.839004,0.823365,01:31
123,0.181405,0.754313,0.836854,01:30
124,0.185548,0.811909,0.819801,01:30
125,0.162147,0.904754,0.813948,01:29
126,0.164237,0.803801,0.829473,01:28